              precision    recall  f1-score   support

           a       0.99      0.99      0.99       182
           b       0.84      0.97      0.90       131
           c       0.96      0.99      0.98       181
           d       0.97      0.94      0.96       164
           e       1.00      0.99      0.99       217
           f       0.94      0.86      0.90       177
           g       1.00      1.00      1.00       243
           h       1.00      0.99      0.99       218
           i       0.99      0.98      0.98       214
           k       0.99      1.00      0.99       210
           l       1.00      1.00      1.00       229
           m       0.91      0.90      0.90       198
           n       0.89      0.92      0.90       179
           o       1.00      0.97      0.99       194
           p       0.97      0.95      0.96       184
           q       0.98      0.99      0.99       199
           r       0.98      0.96      0.97       205
           s       0.99      1.00      1.00       243
           t       1.00      0.99      0.99       210
           u       0.96      0.98      0.97       223
           v       1.00      0.99      1.00       176
           w       1.00      1.00      1.00       206
           x       0.99      0.99      0.99       218
           y       1.00      0.99      1.00       232

    accuracy                           0.97      4833
   macro avg       0.97      0.97      0.97      4833
weighted avg       0.97      0.97      0.97      4833
