              precision    recall  f1-score   support

           a       1.00      1.00      1.00        37
           b       1.00      0.97      0.99        34
           c       1.00      1.00      1.00        38
           d       1.00      1.00      1.00        35
           e       1.00      1.00      1.00        44
           f       0.98      1.00      0.99        40
           g       1.00      1.00      1.00        49
           h       1.00      1.00      1.00        45
           i       1.00      1.00      1.00        45
           k       1.00      1.00      1.00        46
           l       1.00      1.00      1.00        46
           m       1.00      0.98      0.99        41
           n       0.97      1.00      0.99        39
           o       1.00      1.00      1.00        41
           p       1.00      1.00      1.00        38
           q       1.00      1.00      1.00        38
           r       1.00      1.00      1.00        45
           s       1.00      1.00      1.00        49
           t       1.00      1.00      1.00        43
           u       1.00      1.00      1.00        49
           v       1.00      1.00      1.00        40
           w       1.00      1.00      1.00        47
           x       1.00      1.00      1.00        46
           y       1.00      1.00      1.00        47

    accuracy                           1.00      1022
   macro avg       1.00      1.00      1.00      1022
weighted avg       1.00      1.00      1.00      1022
