              precision    recall  f1-score   support

           a       1.00      1.00      1.00        25
           b       1.00      1.00      1.00        26
           c       1.00      1.00      1.00        26
           d       1.00      1.00      1.00        28
           e       1.00      1.00      1.00        30
           f       1.00      1.00      1.00        29
           g       1.00      1.00      1.00        33
           h       1.00      1.00      1.00        30
           i       1.00      1.00      1.00        31
           k       1.00      1.00      1.00        31
           l       1.00      1.00      1.00        31
           m       1.00      1.00      1.00        33
           n       1.00      1.00      1.00        28
           o       1.00      1.00      1.00        28
           p       1.00      1.00      1.00        29
           q       1.00      1.00      1.00        31
           r       1.00      1.00      1.00        31
           s       1.00      1.00      1.00        33
           t       1.00      1.00      1.00        29
           u       1.00      1.00      1.00        33
           v       1.00      1.00      1.00        28
           w       1.00      1.00      1.00        32
           x       1.00      1.00      1.00        32
           y       1.00      1.00      1.00        32

    accuracy                           1.00       719
   macro avg       1.00      1.00      1.00       719
weighted avg       1.00      1.00      1.00       719
