              precision    recall  f1-score   support

           a       0.98      0.98      0.98       123
           b       0.99      0.96      0.98       128
           c       0.98      0.96      0.97       127
           d       0.96      0.97      0.96       137
           e       0.99      0.98      0.98       150
           f       0.95      0.98      0.96       141
           g       1.00      0.99      1.00       163
           h       0.99      0.97      0.98       150
           i       0.97      0.98      0.98       155
           k       0.98      0.94      0.96       154
           l       0.99      0.99      0.99       155
           m       0.95      0.95      0.95       164
           n       0.96      0.96      0.96       137
           o       0.97      0.96      0.97       136
           p       0.98      0.95      0.96       142
           q       0.93      1.00      0.97       155
           r       0.95      0.97      0.96       151
           s       0.99      1.00      0.99       163
           t       0.99      0.95      0.97       144
           u       0.92      0.98      0.95       164
           v       1.00      0.96      0.98       138
           w       0.98      0.97      0.98       157
           x       0.98      0.97      0.97       156
           y       0.99      0.99      0.99       156

    accuracy                           0.97      3546
   macro avg       0.97      0.97      0.97      3546
weighted avg       0.97      0.97      0.97      3546
